<?xml version="1.0"?>
<opencv_storage>
<R type_id="opencv-matrix">
  <rows>3</rows>
  <cols>3</cols>
  <dt>d</dt>
  <data>
    9.9996595210059580e-001 -3.1512309768623665e-004
    -8.2459285094009394e-003 3.2088816063571065e-004
    9.9999970503419311e-001 6.9782685183844377e-004
    8.2457061757747838e-003 -7.0044911313210570e-004
    9.9996575826410317e-001</data></R>
<T type_id="opencv-matrix">
  <rows>3</rows>
  <cols>1</cols>
  <dt>d</dt>
  <data>
    -6.4849750221804257e+001 4.1286760980447179e-001
    2.0645548672322911e+000</data></T>
<R1 type_id="opencv-matrix">
  <rows>3</rows>
  <cols>3</cols>
  <dt>d</dt>
  <data>
    9.9917494170745946e-001 -6.6558406604421486e-003
    -4.0064144181519178e-002 6.6694227977496402e-003
    9.9997773806523160e-001 2.0536184612050470e-004
    4.0061885420429343e-002 -4.7239712720294663e-004
    9.9919708875552404e-001</data></R1>
<R2 type_id="opencv-matrix">
  <rows>3</rows>
  <cols>3</cols>
  <dt>d</dt>
  <data>
    9.9947338537739450e-001 -6.3631731236052230e-003
    -3.1819207250484628e-002 6.3523862363756055e-003
    9.9997972655181588e-001 -4.4008460485189311e-004
    3.1821362499964888e-002 2.3772495567343069e-004
    9.9949354393887468e-001</data></R2>
<P1 type_id="opencv-matrix">
  <rows>3</rows>
  <cols>4</cols>
  <dt>d</dt>
  <data>
    4.3228941776183257e+002 0. 3.5212284469604492e+002 0. 0.
    4.3228941776183257e+002 2.3945314407348633e+002 0. 0. 0. 1. 0.</data></P1>
<P2 type_id="opencv-matrix">
  <rows>3</rows>
  <cols>4</cols>
  <dt>d</dt>
  <data>
    4.3228941776183257e+002 0. 3.5212284469604492e+002
    -2.8048631584920735e+004 0. 4.3228941776183257e+002
    2.3945314407348633e+002 0. 0. 0. 1. 0.</data></P2>
<Q type_id="opencv-matrix">
  <rows>4</rows>
  <cols>4</cols>
  <dt>d</dt>
  <data>
    1. 0. 0. -3.5212284469604492e+002 0. 1. 0. -2.3945314407348633e+002
    0. 0. 0. 4.3228941776183257e+002 0. 0. 1.5412139321414751e-002 0.</data></Q>
</opencv_storage>
