<?xml version="1.0"?>
<opencv_storage>
<R type_id="opencv-matrix">
  <rows>3</rows>
  <cols>3</cols>
  <dt>d</dt>
  <data>
    9.9980503254380471e-001 -1.8698831518631394e-002
    -6.3443360503184247e-003 1.8423570175813669e-002
    9.9899022034996166e-001 -4.0976965567401047e-002
    7.1041510441714169e-003 4.0852091072219779e-002
    9.9913994900262526e-001</data></R>
<T type_id="opencv-matrix">
  <rows>3</rows>
  <cols>1</cols>
  <dt>d</dt>
  <data>
    -6.4123114980292641e+001 1.7948218386793220e+000
    1.2491581567152816e+000</data></T>
<R1 type_id="opencv-matrix">
  <rows>3</rows>
  <cols>3</cols>
  <dt>d</dt>
  <data>
    9.9857048463987597e-001 -4.7429068092655333e-002
    -2.4646920820778417e-002 4.6915742362005547e-002
    9.9867799272819013e-001 -2.1004284301420609e-002
    2.5610551042595225e-002 1.9817929767138916e-002
    9.9947553713687221e-001</data></R1>
<R2 type_id="opencv-matrix">
  <rows>3</rows>
  <cols>3</cols>
  <dt>d</dt>
  <data>
    9.9941903239429686e-001 -2.7973985759802429e-002
    -1.9469304270003374e-002 2.8365742029778748e-002
    9.9939459532053609e-001 2.0145161285080770e-002
    1.8893977007174663e-002 -2.0685718861384667e-002
    9.9960748229894714e-001</data></R2>
<P1 type_id="opencv-matrix">
  <rows>3</rows>
  <cols>4</cols>
  <dt>d</dt>
  <data>
    5.2156948737528853e+002 0. 3.4068754959106445e+002 0. 0.
    5.2156948737528853e+002 2.2771104049682617e+002 0. 0. 0. 1. 0.</data></P1>
<P2 type_id="opencv-matrix">
  <rows>3</rows>
  <cols>4</cols>
  <dt>d</dt>
  <data>
    5.2156948737528853e+002 0. 3.4068754959106445e+002
    -3.3464101768259243e+004 0. 5.2156948737528853e+002
    2.2771104049682617e+002 0. 0. 0. 1. 0.</data></P2>
<Q type_id="opencv-matrix">
  <rows>4</rows>
  <cols>4</cols>
  <dt>d</dt>
  <data>
    1. 0. 0. -3.4068754959106445e+002 0. 1. 0. -2.2771104049682617e+002
    0. 0. 0. 5.2156948737528853e+002 0. 0. 1.5585940151245837e-002 0.</data></Q>
</opencv_storage>
