<?xml version="1.0"?>
<opencv_storage>
<R type_id="opencv-matrix">
  <rows>3</rows>
  <cols>3</cols>
  <dt>d</dt>
  <data>
    9.9996264871334362e-001 -2.3231162481608366e-003
    -8.3249209660970873e-003 2.3336523732093847e-003
    9.9999648810554809e-001 1.2561222756885171e-003
    8.3219736117850045e-003 -1.2755028294746398e-003
    9.9996455829581121e-001</data></R>
<T type_id="opencv-matrix">
  <rows>3</rows>
  <cols>1</cols>
  <dt>d</dt>
  <data>
    -6.2901009123019925e+001 5.9424765963410675e-001
    3.2909323594429583e+000</data></T>
<R1 type_id="opencv-matrix">
  <rows>3</rows>
  <cols>3</cols>
  <dt>d</dt>
  <data>
    9.9809561234099453e-001 -1.1687191156762639e-002
    -6.0568623795826976e-002 1.1726184048408105e-002
    9.9993120436094840e-001 2.8836249110879812e-004
    6.0561086791090436e-002 -9.9805216732807471e-004
    9.9816399387002186e-001</data></R1>
<R2 type_id="opencv-matrix">
  <rows>3</rows>
  <cols>3</cols>
  <dt>d</dt>
  <data>
    9.9858971189546408e-001 -9.4340235157121758e-003
    -5.2245444747261185e-002 9.4003890375074055e-003
    9.9995541976388125e-001 -8.8947781517230992e-004
    5.2251506987623264e-002 3.9709588912846419e-004
    9.9863387802155856e-001</data></R2>
<P1 type_id="opencv-matrix">
  <rows>3</rows>
  <cols>4</cols>
  <dt>d</dt>
  <data>
    5.0357280776470935e+002 0. 3.6948680114746094e+002 0. 0.
    5.0357280776470935e+002 2.3884846878051758e+002 0. 0. 0. 1. 0.</data></P1>
<P2 type_id="opencv-matrix">
  <rows>3</rows>
  <cols>4</cols>
  <dt>d</dt>
  <data>
    5.0357280776470935e+002 0. 3.6948680114746094e+002
    -3.1719972074605772e+004 0. 5.0357280776470935e+002
    2.3884846878051758e+002 0. 0. 0. 1. 0.</data></P2>
<Q type_id="opencv-matrix">
  <rows>4</rows>
  <cols>4</cols>
  <dt>d</dt>
  <data>
    1. 0. 0. -3.6948680114746094e+002 0. 1. 0. -2.3884846878051758e+002
    0. 0. 0. 5.0357280776470935e+002 0. 0. 1.5875575381349639e-002 0.</data></Q>
</opencv_storage>
