<?xml version="1.0"?>
<opencv_storage>
<M1 type_id="opencv-matrix">
  <rows>3</rows>
  <cols>3</cols>
  <dt>d</dt>
  <data>
    5.7790963607689355e+002 0. 3.1957565976550677e+002 0.
    5.7877866995730005e+002 2.3989145345401741e+002 0. 0. 1.</data></M1>
<D1 type_id="opencv-matrix">
  <rows>1</rows>
  <cols>14</cols>
  <dt>d</dt>
  <data>
    1.0127266801619320e-001 -2.3100081064384728e-001 0. 0. 0. 0. 0.
    6.4440095892270444e-001 0. 0. 0. 0. 0. 0.</data></D1>
<M2 type_id="opencv-matrix">
  <rows>3</rows>
  <cols>3</cols>
  <dt>d</dt>
  <data>
    5.7790963607689355e+002 0. 3.2423028978999633e+002 0.
    5.7877866995730005e+002 2.3942630303143511e+002 0. 0. 1.</data></M2>
<D2 type_id="opencv-matrix">
  <rows>1</rows>
  <cols>14</cols>
  <dt>d</dt>
  <data>
    6.5704202657859589e-002 1.1288911151743558e-001 0. 0. 0. 0. 0.
    8.5531366810948450e-001 0. 0. 0. 0. 0. 0.</data></D2>
</opencv_storage>
