<?xml version="1.0"?>
<opencv_storage>
<M1 type_id="opencv-matrix">
  <rows>3</rows>
  <cols>3</cols>
  <dt>d</dt>
  <data>
    5.8787640107092011e+002 0. 3.2042762740422575e+002 0.
    5.8794230373935807e+002 2.1816424808145240e+002 0. 0. 1.</data></M1>
<D1 type_id="opencv-matrix">
  <rows>1</rows>
  <cols>14</cols>
  <dt>d</dt>
  <data>
    8.5054285257659915e-002 -2.7586970617078393e-001 0. 0. 0. 0. 0.
    5.6345714553939490e-002 0. 0. 0. 0. 0. 0.</data></D1>
<M2 type_id="opencv-matrix">
  <rows>3</rows>
  <cols>3</cols>
  <dt>d</dt>
  <data>
    5.8787640107092011e+002 0. 3.2608058952636395e+002 0.
    5.8794230373935807e+002 2.3935500877593188e+002 0. 0. 1.</data></M2>
<D2 type_id="opencv-matrix">
  <rows>1</rows>
  <cols>14</cols>
  <dt>d</dt>
  <data>
    1.1117305929998327e-001 -5.6358896806467251e-001 0. 0. 0. 0. 0.
    -7.8101895315491865e-001 0. 0. 0. 0. 0. 0.</data></D2>
</opencv_storage>
