<?xml version="1.0"?>
<opencv_storage>
<M1 type_id="opencv-matrix">
  <rows>3</rows>
  <cols>3</cols>
  <dt>d</dt>
  <data>
    5.8805521738756033e+002 0. 3.1953681619377608e+002 0.
    5.8767385207638779e+002 2.4065266860892149e+002 0. 0. 1.</data></M1>
<D1 type_id="opencv-matrix">
  <rows>1</rows>
  <cols>14</cols>
  <dt>d</dt>
  <data>
    7.9651613473262148e-002 -2.1087547097551193e-001 0. 0. 0. 0. 0.
    2.0337066062858475e-001 0. 0. 0. 0. 0. 0.</data></D1>
<M2 type_id="opencv-matrix">
  <rows>3</rows>
  <cols>3</cols>
  <dt>d</dt>
  <data>
    5.8805521738756033e+002 0. 3.2457767553447616e+002 0.
    5.8767385207638779e+002 2.3794406456270073e+002 0. 0. 1.</data></M2>
<D2 type_id="opencv-matrix">
  <rows>1</rows>
  <cols>14</cols>
  <dt>d</dt>
  <data>
    7.8634603461631009e-002 -3.8164413915092156e-002 0. 0. 0. 0. 0.
    8.0152031542331514e-001 0. 0. 0. 0. 0. 0.</data></D2>
</opencv_storage>
